3
5
7
11
13
17
19
23
29
31
37
41
43
47
53
59
61
67
71
73
79
83
89
97
101
103
107
109
113
127
131
137
139
149
151
157
163
167
173
179
181
191
193
197
199
211
223
227
229
233
239
241
251
257
263
269
271
277
281
283
293
307
311
313
317
331
337
347
349
353
359
367
373
379
383
389
397
401
409
419
421
431
433
439
443
449
457
461
463
467
479
487
491
499
503
509
521
523
541
547
557
563
25013
569
571
577
587
593
599
601
607
613
617
619
631
641
643
647
653
659
661
673
677
683
691
701
709
719
727
733
739
743
751
757
761
769
773
787
797
809
811
821
823
827
829
839
853
25031
857
859
863
877
881
883
887
907
911
919
929
937
941
947
953
967
971
977
983
991
997
1009
1013
1019
1021
1031
1033
1039
1049
25033
1051
1061
1063
1069
1087
1091
1093
1097
1103
1109
1117
1123
1129
1151
1153
1163
1171
1181
1187
1193
1201
1213
1217
1223
25037
1229
1231
1237
1249
1259
1277
1279
1283
1289
1291
1297
1301
1303
1307
1319
1321
1327
1361
1367
1373
1381
1399
1409
1423
25057
1427
1429
1433
1439
1447
1451
1453
1459
1471
1481
1483
1487
1489
1493
1499
1511
1523
1531
1543
1549
1553
1559
25073
1567
1571
1579
1583
1597
1601
1607
1609
1613
1619
1621
1627
1637
1657
1663
1667
1669
1693
1697
1699
25087
1709
1721
1723
1733
1741
1747
1753
1759
1777
1783
1787
1789
1801
1811
1823
1831
25097
1847
1861
1867
1871
1873
1877
1879
1889
1901
1907
1913
1931
1933
1949
25111
1951
1973
1979
1987
1993
1997
25117
1999
2003
2011
2017
2027
2029
2039
2053
2063
2069
2081
2083
2087
25121
2089
2099
2111
2113
2129
2131
2137
2141
2143
2153
2161
2179
25127
2203
2207
2213
2221
2237
2239
2243
2251
2267
2269
2273
25147
2281
2287
2293
2297
2309
2311
2333
2339
2341
2347
2351
25153
2357
2371
2377
2381
2383
2389
2393
2399
2411
2417
2423
25163
2437
2441
2447
2459
2467
2473
2477
2503
2521
25169
2531
2539
2543
2549
2551
2557
2579
2591
25171
2593
2609
2617
2621
2633
2647
2657
2659
25183
2663
2671
2677
2683
2687
2689
25189
2693
2699
2707
2711
2713
2719
2729
25219
2731
2741
2749
2753
2767
2777
25229
2789
2791
2797
2801
2803
2819
25237
2833
2837
2843
2851
2857
2861
2879
25243
2887
2897
2903
2909
2917
25247
2927
2939
2953
2957
2963
2969
25253
2971
2999
3001
3011
3019
3023
25261
3037
3041
3049
3061
3067
3079
25301
3083
3089
3109
3119
3121
3137
25303
3163
3167
3169
3181
3187
3191
3203
25307
3209
3217
3221
3229
3251
3253
25309
3257
3259
3271
3299
3301
3307
25321
3313
3319
3323
3329
3331
3343
25339
3347
3359
3361
3371
3373
3389
3391
3407
3413
25343
3433
3449
3457
3461
3463
25349
3467
3469
3491
3499
3511
3517
25357
3527
3529
3533
3539
3541
3547
25367
3557
3559
3571
3581
3583
3593
25373
3607
3613
3617
3623
3631
3637
25391
3643
3659
3671
3673
3677
3691
25409
3697
3701
3709
3719
3727
25411
3733
3739
3761
3767
3769
3779
25423
3793
3797
3803
3821
3823
3833
25439
3847
3851
3853
3863
3877
3881
25447
3889
3907
3911
3917
3919
3923
25453
3929
3931
3943
3947
3967
3989
4001
25457
4003
4007
4013
4019
4021
4027
25463
4049
4051
4057
4073
4079
4091
4093
25469
4099
4111
4127
4129
4133
4139
25471
4153
4157
4159
4177
4201
4211
4217
25523
4219
4229
4231
4241
4243
4253
25537
4259
4261
4271
4273
4283
4289
25541
4297
4327
4337
4339
4349
4357
25561
4363
4373
4391
4397
4409
25577
4421
4423
4441
4447
4451
4457
25579
4463
4481
4483
4493
4507
4513
25583
4517
4519
4523
4547
4549
4561
25589
4567
4583
4591
4597
4603
25601
4621
4637
4639
4643
4649
4651
25603
4657
4663
4673
4679
4691
25609
4703
4721
4723
25621
4729
4733
4751
4759
4783
4787
25633
4789
4793
4799
4801
4813
25639
4817
4831
4861
4871
4877
25643
4889
4903
4909
4919
4931
4933
25657
4937
4943
4951
4957
4967
25667
4969
4973
4987
4993
4999
25673
5003
5009
5011
5021
5023
25679
5039
5051
5059
5077
5081
25693
5087
5099
5101
5107
5113
25703
5119
5147
5153
5167
5171
25717
5179
5189
5197
5209
5227
25733
5231
5233
5237
5261
5273
25741
5279
5281
5297
5303
5309
25747
5323
5333
5347
5351
25759
5381
5387
5393
5399
5407
25763
5413
5417
5419
5431
5437
25771
5441
5443
5449
5471
5477
25793
5479
5483
5501
5503
25799
5507
5519
5521
5527
5531
25801
5557
5563
5569
5573
25819
5581
5591
5623
5639
5641
25841
5647
5651
5653
5657
25847
5659
5669
5683
5689
5693
25849
5701
5711
5717
5737
25867
5741
5743
5749
5779
25873
5783
5791
5801
5807
5813
5821
25889
5827
5839
5843
5849
25903
5851
5857
5861
5867
25913
5869
5879
5881
5897
5903
25919
5923
5927
5939
5953
25931
5981
5987
6007
6011
25933
6029
6037
6043
6047
25939
6053
6067
6073
6079
6089
25943
6091
6101
6113
6121
25951
6131
6133
6143
6151
25969
6163
6173
6197
6199
25981
6203
6211
6217
6221
25997
6229
6247
6257
6263
25999
6269
6271
6277
6287
6299
26003
6301
6311
6317
6323
26017
6329
6337
6343
6353
26021
6359
6361
6367
6373
26029
6379
6389
6397
6421
26041
6427
26053
6449
26083
6451
6469
26099
6473
6481
6491
6521
26107
6529
6547
6551
26111
6553
6563
6569
6571
26113
6577
6581
6599
26119
6607
6619
6637
6653
26141
6659
6661
6673
26153
6679
6689
6691
6701
26161
6703
6709
6719
6733
26171
6737
6761
6763
6779
26177
6781
6791
6793
6803
26183
6823
6827
6829
6833
26189
6841
6857
6863
6869
26203
6871
6883
6899
6907
26209
6911
6917
6947
26227
6949
6959
6961
6967
26237
6971
6977
6983
6991
26249
6997
7001
7013
7019
26251
7027
7039
7043
7057
26261
7069
7079
7103
7109
26263
7121
7127
7129
7151
26267
7159
7177
7187
7193
26293
7207
7211
7213
26297
7219
7229
7237
7243
26309
7247
7253
7283
7297
26317
7307
7309
7321
26321
7331
7333
7349
7351
26339
7369
7393
7411
26347
7417
7433
7451
7457
26357
7459
7477
7481
26371
7487
7489
7499
7507
26387
7517
7523
7529
7537
26393
7541
7547
7549
26399
7559
7561
7573
26407
7577
7583
7589
7591
26417
7603
7607
7621
26423
7639
7643
7649
7669
26431
7673
7681
7687
26437
7691
7699
7703
7717
26449
7723
7727
7741
26459
7753
7757
7759
7789
26479
7793
7817
7823
26489
7829
7841
7853
26497
7867
7873
7877
7879
26501
7883
7901
7907
26513
7919
7927
7933
26539
7937
7949
7951
7963
26557
7993
8009
8011
26561
8017
8039
8053
26573
8059
8069
8081
8087
26591
8089
8093
8101
26597
8111
8117
8123
26627
8147
8161
8167
8171
26633
8179
8191
8209
26641
8219
8221
8231
26647
8233
8237
8243
26669
8263
8269
8273
26681
8287
8291
8293
8297
26683
8311
8317
26687
8329
8353
8363
26693
8369
8377
8387
26699
8389
8419
8423
26701
8429
8431
8443
26711
8447
8461
8467
26713
8501
8513
8521
8527
26717
8537
8539
8543
26723
8563
8573
8581
26729
8597
8599
8609
26731
8623
8627
8629
26737
8641
8647
8663
26759
8669
8677
8681
26777
8689
8693
8699
26783
8707
8713
8719
26801
8731
8737
8741
26813
8747
8753
8761
26821
8779
8783
8803
26833
8807
8819
8821
26839
8831
8837
8839
8849
26849
8861
8863
8867
26861
8887
8893
8923
26863
8929
8933
8941
26879
8951
8963
26881
8969
8971
8999
26891
9001
9007
9011
26893
9013
9029
9041
26903
9043
9049
9059
26921
9067
9091
9103
26927
9109
9127
9133
26947
9137
9151
9157
26951
9161
9173
9181
26953
9187
9199
9203
26959
9209
9221
9227
26981
9239
9241
9257
26987
9277
9281
9283
26993
9293
9311
9319
27011
9323
9337
9341
27017
9343
9349
27031
9371
9377
9391
27043
9397
9403
9413
27059
9419
9421
9431
27061
9433
9437
9439
27067
9461
9463
9467
27073
9473
9479
9491
27077
9497
9511
9521
27091
9533
9539
27103
9547
9551
9587
27107
9601
9613
9619
27109
9623
9629
9631
27127
9643
9649
9661
27143
9677
9679
9689
27179
9697
9719
27191
9721
9733
9739
27197
9743
9749
9767
27211
9769
9781
9787
27239
9791
9803
9811
27241
9817
9829
27253
9833
9839
9851
27259
9857
9859
9871
27271
9883
9887
9901
27277
9907
9923
27281
9929
9931
9941
27283
9949
9967
9973
27299
10007
10009
27329
10037
10039
10061
27337
10067
10069
10079
27361
10091
10093
10099
27367
10103
10111
27397
10133
10139
10141
27407
10151
10159
10163
27409
10169
10177
10181
27427
10193
10211
27431
10223
10243
10247
27437
10253
10259
10267
27449
10271
10273
27457
10289
10301
10303
27479
10313
10321
10331
27481
10333
10337
10343
27487
10357
10369
10391
27509
10399
10427
27527
10429
10433
10453
27529
10457
10459
27539
10463
10477
10487
27541
10499
10501
10513
27551
10529
10531
10559
27581
10567
10589
10597
27583
10601
10607
10613
27611
10627
10631
27617
10639
10651
10657
27631
10663
10667
10687
27647
10691
10709
27653
10711
10723
10729
27673
10733
10739
27689
10753
10771
10781
27691
10789
10799
10831
27697
10837
10847
27701
10853
10859
10861
27733
10867
27737
10883
10889
10891
27739
10903
10909
27743
10937
10939
10949
27749
10957
10973
27751
10979
10987
10993
27763
11003
11027
27767
11047
11057
11059
27773
11069
11071
27779
11083
11087
11093
27791
11113
11117
27793
11119
11131
11149
27799
11159
11161
27803
11171
11173
11177
27809
11197
11213
27817
11239
11243
11251
27823
11257
11261
27827
11273
11279
11287
27847
11299
11311
27851
11317
11321
27883
11329
11351
11353
27893
11369
11383
27901
11393
11399
11411
27917
11423
11437
27919
11443
11447
27941
11467
11471
27943
11483
11489
11491
27947
11497
11503
27953
11519
11527
27961
11549
11551
11579
27967
11587
11593
27983
11597
11617
11621
27997
11633
11657
28001
11677
11681
28019
11689
11699
11701
28027
11717
11719
28031
11731
11743
11777
28051
11779
11783
28057
11789
11801
28069
11807
11813
11821
28081
11827
11831
28087
11833
11839
11863
28097
11867
11887
11897
28099
11903
11909
28109
11923
11927
28111
11933
11939
11941
28123
11953
11959
28151
11969
11971
11981
28163
11987
12007
28181
12011
12037
28183
12041
12043
12049
28201
12071
12073
28211
12097
12101
28219
12107
12109
12113
28229
12119
12143
28277
12149
12157
28279
12161
12163
12197
28283
12203
12211
28289
12227
12239
12241
28297
12251
12253
28307
12263
12269
28309
12277
12281
28319
12289
12301
12323
28349
12329
12343
28351
12347
12373
12377
28387
12379
12391
28393
12401
12409
28403
12413
12421
28409
12433
12437
12451
28411
12457
12473
12479
28429
12487
12491
28433
12497
12503
28439
12511
12517
12527
28447
12539
12541
28463
12547
12553
28477
12569
12577
28493
12583
12589
12601
28499
12611
12613
28513
12619
12637
28517
12641
12647
28537
12653
12659
12671
28541
12689
12697
28547
12703
12713
28549
12721
12739
28559
12743
12757
12763
28571
12781
12791
28573
12799
12809
28579
12821
12823
28591
12829
12841
12853
28597
12889
12893
28603
12899
12907
28607
12911
12917
28619
12919
12923
28621
12941
12953
12959
28627
12967
12973
28631
12979
12983
28643
13001
13003
28649
13007
13009
28657
13033
13037
13043
28661
13049
13063
28663
13093
13099
28669
13103
13109
28687
13121
13127
28697
13147
13151
13159
28703
13163
13171
28711
13177
13183
28723
13187
13217
28729
13219
13229
28751
13241
13249
13259
28753
13267
13291
28759
13297
13309
28771
13313
13327
28789
13331
13337
28793
13339
13367
28807
13381
13397
28813
13399
13411
13417
28817
13421
13441
28837
13451
13457
28843
13463
13469
28859
13477
13487
28867
13499
13513
28871
13523
13537
28879
13553
13567
28901
13577
13591
13597
28909
13613
13619
28921
13627
13633
28927
13649
13669
28933
13679
13681
28949
13687
13691
28961
13693
13697
28979
13709
13711
29009
13721
13723
13729
29017
13751
13757
29021
13759
13763
29023
13781
13789
29027
13799
13807
29033
13829
13831
29059
13841
13859
29063
13873
13877
29077
13879
13883
29101
13901
13903
13907
29123
13913
13921
29129
13931
29131
13933
13963
29137
13967
13997
29147
13999
14009
29153
14011
14029
14033
29167
14051
14057
29173
14071
14081
29179
14083
14087
29191
14107
14143
29201
14149
14153
29207
14159
14173
29209
14177
14197
29221
14207
14221
29231
14243
14249
29243
14251
14281
29251
14293
14303
29269
14321
14323
29287
14327
14341
29297
14347
14369
29303
14387
14389
29311
14401
14407
14411
29327
14419
14423
29333
14431
14437
29339
14447
14449
29347
14461
29363
14479
14489
29383
14503
14519
29387
14533
14537
29389
14543
14549
29399
14551
14557
29401
14561
14563
29411
14591
14593
29423
14621
14627
29429
14629
14633
29437
14639
14653
29443
14657
14669
29453
14683
14699
29473
14713
14717
29483
14723
14731
29501
14737
14741
29527
14747
14753
29531
14759
14767
29537
14771
14779
29567
14783
14797
29569
14813
14821
29573
14827
14831
29581
14843
14851
29587
14867
14869
29599
14879
14887
29611
14891
14897
29629
14923
14929
29633
14939
14947
29641
14951
14957
29663
14969
29669
14983
15013
29671
15017
15031
29683
15053
15061
29717
15073
15077
29723
15083
15091
29741
15101
15107
29753
15121
15131
29759
15137
15139
29761
15149
15161
29789
15173
15187
29803
15193
15199
29819
15217
15227
29833
15233
15241
29837
15259
15263
29851
15269
15271
29863
15277
15287
29867
15289
15299
29873
15307
15313
29879
15319
15329
29881
15331
15349
29917
15359
15361
29921
15373
15377
29927
15383
15391
29947
15401
15413
29959
15427
15439
29983
15443
15451
29989
15461
15467
30011
15473
30013
15493
15497
30029
15511
15527
30047
15541
15551
30059
15559
15569
30071
15581
15583
30089
15601
15607
30091
15619
15629
30097
15641
15643
30103
15647
15649
30109
15661
15667
30113
15671
15679
30119
15683
15727
30133
15731
30137
15733
15737
30139
15739
15749
30161
15761
15767
30169
15773
15787
30181
15791
15797
30187
15803
15809
30197
15817
15823
30203
15859
15877
30211
15881
30223
15887
15889
30241
15901
15907
30253
15913
15919
30259
15923
15937
30269
15959
15971
30271
15973
15991
30293
16001
16007
30307
16033
16057
30313
16061
16063
30319
16067
16069
30323
16073
30341
16087
16091
30347
16097
16103
30367
16111
30389
16127
16139
30391
16141
16183
30403
16187
16189
30427
16193
16217
30431
16223
16229
30449
16231
16249
30467
16253
16267
30469
16273
30491
16301
16319
30493
16333
16339
30497
16349
16361
30509
16363
16369
30517
16381
16411
30529
16417
30539
16421
16427
30553
16433
16447
30557
16451
16453
30559
16477
16481
30577
16487
16493
30593
16519
16529
30631
16547
16553
30637
16561
30643
16567
16573
30649
16603
16607
30661
16619
16631
30671
16633
16649
30677
16651
30689
16657
16661
30697
16673
16691
30703
16693
16699
30707
16703
16729
30713
16741
16747
30727
16759
30757
16763
16787
30763
16811
16823
30773
16829
16831
30781
16843
16871
30803
16879
30809
16883
16889
30817
16901
16903
30829
16921
16927
30839
16931
16937
30841
16943
16963
30851
16979
30853
16981
16987
30859
16993
30869
17011
17021
30871
17027
17029
30881
17033
17041
30893
17047
17053
30911
17077
17093
30931
17099
30937
17107
17117
30941
17123
17137
30949
17159
17167
30971
17183
17189
30977
17191
30983
17203
17207
31013
17209
17231
31019
17239
17257
31033
17291
17293
31039
17299
17317
31051
17321
17327
31063
17333
31069
17341
17351
31079
17359
17377
31081
17383
31091
17387
17389
31121
17393
17401
31123
17417
17419
31139
17431
31147
17443
17449
31151
17467
17471
31153
17477
17483
31159
17489
31177
17491
17497
31181
17509
17519
31183
17539
17551
31189
17569
17573
31193
17579
31219
17581
17597
31223
17599
17609
31231
17623
17627
31237
17657
31247
17659
17669
31249
17681
17683
31253
17707
17713
31259
17729
31267
17737
17747
31271
17749
17761
31277
17783
17789
31307
17791
31319
17807
17827
31321
17837
17839
31327
17851
17863
31333
17881
31337
17891
17903
31357
17909
17911
31379
17921
17923
31387
17929
17939
31391
17957
31393
17959
17971
31397
17977
17981
31469
17987
17989
31477
18013
31481
18041
18043
31489
18047
18049
31511
18059
31513
18061
18077
31517
18089
18097
31531
18119
18121
31541
18127
31543
18131
18133
31547
18143
18149
31567
18169
18181
31573
18191
31583
18199
18211
31601
18217
18223
31607
18229
18233
31627
18251
31643
18253
18257
31649
18269
18287
31657
18289
31663
18301
18307
31667
18311
18313
31687
18329
18341
31699
18353
31721
18367
18371
31723
18379
18397
31727
18401
31729
18413
18427
31741
18433
18439
31751
18443
31769
18451
18457
31771
18461
18481
31793
18493
18503
31799
18517
31817
18521
18523
31847
18539
18541
31849
18553
18583
31859
18587
31873
18593
18617
31883
18637
18661
31891
18671
31907
18679
18691
31957
18701
18713
31963
18719
18731
31973
18743
31981
18749
18757
31991
18773
18787
32003
18793
32009
18797
18803
32027
18839
18859
32029
18869
32051
18899
18911
32057
18913
18917
32059
18919
18947
32063
18959
32069
18973
18979
32077
19001
19009
32083
19013
32089
19031
19037
32099
19051
19069
32117
19073
32119
19079
19081
32141
19087
19121
32143
19139
32159
19141
19157
32173
19163
19181
32183
19183
32189
19207
19211
32191
19213
19219
32203
19231
32213
19237
19249
32233
19259
19267
32237
19273
32251
19289
19301
32257
19309
19319
32261
19333
32297
19373
19379
32299
19381
19387
32303
19391
32309
19403
19417
32321
19421
19423
32323
19427
32327
19429
19433
32341
19441
19447
32353
19457
32359
19463
19469
32363
19471
19477
32369
19483
32371
19489
19501
32377
19507
32381
19531
19541
32401
19543
32411
19553
19559
32413
19571
32423
19577
19583
32429
19597
19603
32441
19609
32443
19661
19681
32467
19687
19697
32479
19699
32491
19709
19717
32497
19727
19739
32503
19751
32507
19753
19759
32531
19763
19777
32533
19793
19801
32537
19813
32561
19819
19841
32563
19843
32569
19853
19861
32573
19867
32579
19889
19891
32587
19913
19919
32603
19927
32609
19937
19949
32611
19961
19963
32621
19973
32633
19979
19991
32647
19993
19997
32653
20011
32687
20021
20023
32693
20029
32707
20047
20051
32713
20063
20071
32717
20089
32719
20101
20107
32749
20113
20117
32771
20123
32779
20129
20143
32783
20147
20149
32789
20161
32797
20173
20177
32801
20183
20201
32803
20219
32831
20231
20233
32833
20249
20261
32839
20269
32843
20287
20297
32869
20323
20327
32887
20333
20341
32909
20347
32911
20353
20357
32917
20359
20369
32933
20389
32939
20393
20399
32941
20407
20411
32957
20431
32969
20441
20443
32971
20477
20479
32983
20483
32987
20507
20509
32993
20521
20533
32999
20543
33013
20549
20551
33023
20563
20593
33029
20599
33037
20611
20627
33049
20639
20641
33053
20663
33071
20681
20693
33073
20707
20717
33083
20719
33091
20731
20743
33107
20747
20749
33113
20753
20759
33119
20771
20773
33149
20789
33151
20807
20809
33161
20849
33179
20857
20873
33181
20879
20887
33191
20897
33199
20899
20903
33203
20921
20929
33211
20939
33223
20947
20959
33247
20963
20981
33287
20983
33289
21001
21011
33301
21013
21017
33311
21019
33317
21023
21031
33329
21059
33331
21061
21067
33343
21089
33347
21101
21107
33349
21121
33353
21139
21143
33359
21149
21157
33377
21163
33391
21169
21179
33403
21187
33409
21191
21193
33413
21211
21221
33427
21227
33457
21247
21269
33461
21277
21283
33469
21313
33479
21317
21319
33487
21323
33493
21341
21347
33503
21377
21379
33521
21383
33529
21391
21397
33533
21401
21407
33547
21419
33563
21433
21467
33569
21481
33577
21487
21491
33581
21493
21499
33587
21503
33589
21517
21521
33599
21523
21529
33601
21557
33613
21559
21563
33617
21569
33619
21577
21587
33623
21589
21599
33629
21601
33637
21611
21613
33641
21617
33647
21647
21649
33679
21661
21673
33703
21683
33713
21701
21713
33721
21727
21737
33739
21739
33749
21751
21757
33751
21767
33757
21773
21787
33767
21799
21803
33769
21817
33773
21821
21839
33791
21841
33797
21851
21859
33809
21863
21871
33811
21881
33827
21893
21911
33829
21929
33851
21937
21943
33857
21961
21977
33863
21991
33871
21997
22003
33889
22013
33893
22027
22031
33911
22037
33923
22039
22051
33931
22063
33937
22067
22073
33941
22079
33961
22091
22093
33967
22109
22111
33997
22123
34019
22129
22133
34031
22147
34033
22153
22157
34039
22159
22171
34057
22189
34061
22193
22229
34123
22247
34127
22259
22271
34129
22273
22277
34141
22279
34147
22283
22291
34157
22303
34159
22307
22343
34171
22349
34183
22367
22369
34211
22381
22391
34213
22397
34217
22409
22433
34231
22441
34253
22447
22453
34259
22469
34261
22481
22483
34267
22501
22511
34273
22531
34283
22541
22543
34297
22549
22567
34301
22571
34303
22573
22613
34313
22619
34319
22621
22637
34327
22639
22643
34337
22651
34351
22669
22679
34361
22691
34367
22697
22699
34369
22709
34381
22717
22721
34403
22727
22739
34421
22741
34429
22751
22769
34439
22777
34457
22783
22787
34469
22807
34471
22811
22817
34483
22853
22859
34487
22861
34499
22871
22877
34501
22901
34511
22907
22921
34513
22937
34519
22943
22961
34537
22963
34543
22973
22993
34549
23003
34583
23011
23017
34589
23021
23027
34591
23029
34603
23039
23041
34607
23053
34613
23057
23059
34631
23063
34649
23071
23081
34651
23087
23099
34667
23117
34673
23131
23143
34679
23159
34687
23167
23173
34693
23189
34703
23197
23201
34721
23203
34729
23209
23227
34739
23251
34747
23269
23279
34757
23291
34759
23293
23297
34763
23311
23321
34781
23327
34807
23333
23339
34819
23357
34841
23369
23371
34843
23399
23417
34847
23431
23447
34849
23459
34871
23473
23497
34877
23509
34883
23531
34897
23537
23539
34913
23549
23557
34919
23561
34939
23563
23567
34949
23581
34961
23593
23599
34963
23603
34981
23609
23623
35023
23627
35027
23629
23633
35051
23663
23669
35053
23671
35059
23677
23687
35069
23689
35081
23719
23741
35083
23743
35089
23747
23753
35099
23761
35107
23767
23773
35111
23789
35117
23801
23813
35129
23819
35141
23827
23831
35149
23833
35153
23857
23869
35159
23873
35171
23879
23887
35201
23893
35221
23899
23909
35227
23911
23917
35251
23929
35257
23957
23971
35267
23977
35279
23981
23993
35281
24001
35291
24007
24019
35311
24023
35317
24029
24043
35323
24049
35327
24061
24071
35339
24077
35353
24083
24091
35363
24097
35381
24103
24107
35393
24109
35401
24113
24121
35407
24133
24137
35419
24151
35423
24169
24179
35437
24181
35447
24197
24203
35449
24223
35461
24229
24239
35491
24247
35507
24251
35509
24281
24317
35521
24329
35527
24337
24359
35531
24371
35533
24373
24379
35537
24391
35543
24407
24413
35569
24419
35573
24421
24439
35591
24443
35593
24469
24473
35597
24481
35603
24499
24509
35617
24517
35671
24527
24533
35677
24547
35729
24551
24571
35731
24593
35747
24611
24623
35753
24631
35759
24659
24671
35771
24677
35797
24683
24691
35801
24697
35803
24709
24733
35809
24749
35831
24763
24767
35837
24781
35839
24793
24799
35851
24809
35863
24821
24841
35869
24847
35879
24851
24859
35897
24877
35899
24889
24907
35911
24917
35923
24919
24923
35933
24943
35951
24953
24967
35963
24971
35969
24977
24979
35977
24989
35983
35993
35999
36007
36011
36013
36017
36037
36061
36067
36073
36083
36097
36107
36109
36131
36137
36151
36161
36187
36191
36209
36217
36229
36241
36251
36263
36269
36277
36293
36299
36307
36313
36319
36341
36343
36353
36373
36383
36389
36433
36451
36457
36467
36469
36473
36479
36493
36497
36523
36527
36529
36541
36551
36559
36563
36571
36583
36587
36599
36607
36629
36637
36643
36653
36671
36677
36683
36691
36697
36709
36713
36721
36739
36749
36761
36767
36779
36781
36787
36791
36793
36809
36821
36833
36847
36857
36871
36877
36887
36899
36901
36913
36919
36923
36929
36931
36943
36947
36973
36979
36997
37003
37013
37019
37021
37039
37049
37057
37061
37087
37097
37117
37123
37139
37159
37171
37181
37189
37199
37201
37217
37223
37243
37253
37273
37277
37307
37309
37313
37321
37337
37339
37357
37361
37363
37369
37379
37397
37409
37423
37441
37447
37463
37483
37489
37493
37501
37507
37511
37517
37529
37537
37547
37549
37561
37567
37571
37573
37579
37589
37591
37607
37619
37633
37643
37649
37657
37663
37691
37693
37699
37717
37747
37781
37783
37799
37811
37813
37831
37847
37853
37861
37871
37879
37889
37897
37907
37951
37957
37963
37967
37987
37991
37993
37997
38011
38039
38047
38053
38069
38083
38113
38119
38149
38153
38167
38177
38183
38189
38197
38201
38219
38231
38237
38239
38261
38273
38281
38287
38299
38303
38317
38321
38327
38329
38333
38351
38371
38377
38393
38431
38447
38449
38453
38459
38461
38501
38543
38557
38561
38567
38569
38593
38603
38609
38611
38629
38639
38651
38653
38669
38671
38677
38693
38699
38707
38711
38713
38723
38729
38737
38747
38749
38767
38783
38791
38803
38821
38833
38839
38851
38861
38867
38873
38891
38903
38917
38921
38923
38933
38953
38959
38971
38977
38993
39019
39023
39041
39043
39047
39079
39089
39097
39103
39107
39113
39119
39133
39139
39157
39161
39163
39181
39191
39199
39209
39217
39227
39229
39233
39239
39241
39251
39293
39301
39313
39317
39323
39341
39343
39359
39367
39371
39373
39383
39397
39409
39419
39439
39443
39451
39461
39499
39503
39509
39511
39521
39541
39551
39563
39569
39581
39607
39619
39623
39631
39659
39667
39671
39679
39703
39709
39719
39727
39733
39749
39761
39769
39779
39791
39799
39821
39827
39829
39839
39841
39847
39857
39863
39869
39877
39883
39887
39901
39929
39937
39953
39971
39979
39983
39989
40009
40013
40031
40037
40039
40063
40087
40093
40099
40111
40123
40127
40129
40151
40153
40163
40169
40177
40189
40193
40213
40231
40237
40241
40253
40277
40283
40289
40343
40351
40357
40361
40387
40423
40427
40429
40433
40459
40471
40483
40487
40493
40499
40507
40519
40529
40531
40543
40559
40577
40583
40591
40597
40609
40627
40637
40639
40693
40697
40699
40709
40739
40751
40759
40763
40771
40787
40801
40813
40819
40823
40829
40841
40847
40849
40853
40867
40879
40883
40897
40903
40927
40933
40939
40949
40961
40973
40993
41011
41017
41023
41039
41047
41051
41057
41077
41081
41113
41117
41131
41141
41143
41149
41161
41177
41179
41183
41189
41201
41203
41213
41221
41227
41231
41233
41243
41257
41263
41269
41281
41299
41333
41341
41351
41357
41381
41387
41389
41399
41411
41413
41443
41453
41467
41479
41491
41507
41513
41519
41521
41539
41543
41549
41579
41593
41597
41603
41609
41611
41617
41621
41627
41641
41647
41651
41659
41669
41681
41687
41719
41729
41737
41759
41761
41771
41777
41801
41809
41813
41843
41849
41851
41863
41879
41887
41893
41897
41903
41911
41927
41941
41947
41953
41957
41959
41969
41981
41983
41999
42013
42017
42019
42023
42043
42061
42071
42073
42083
42089
42101
42131
42139
42157
42169
42179
42181
42187
42193
42197
42209
42221
42223
42227
42239
42257
42281
42283
42293
42299
42307
42323
42331
42337
42349
42359
42373
42379
42391
42397
42403
42407
42409
42433
42437
42443
42451
42457
42461
42463
42467
42473
42487
42491
42499
42509
42533
42557
42569
42571
42577
42589
42611
42641
42643
42649
42667
42677
42683
42689
42697
42701
42703
42709
42719
42727
42737
42743
42751
42767
42773
42787
42793
42797
42821
42829
42839
42841
42853
42859
42863
42899
42901
42923
42929
42937
42943
42953
42961
42967
42979
42989
43003
43013
43019
43037
43049
43051
43063
43067
43093
43103
43117
43133
43151
43159
43177
43189
43201
43207
43223
43237
43261
43271
43283
43291
43313
43319
43321
43331
43391
43397
43399
43403
43411
43427
43441
43451
43457
43481
43487
43499
43517
43541
43543
43573
43577
43579
43591
43597
43607
43609
43613
43627
43633
43649
43651
43661
43669
43691
43711
43717
43721
43753
43759
43777
43781
43783
43787
43789
43793
43801
43853
43867
43889
43891
43913
43933
43943
43951
43961
43963
43969
43973
43987
43991
43997
44017
44021
44027
44029
44041
44053
44059
44071
44087
44089
44101
44111
44119
44123
44129
44131
44159
44171
44179
44189
44201
44203
44207
44221
44249
44257
44263
44267
44269
44273
44279
44281
44293
44351
44357
44371
44381
44383
44389
44417
44449
44453
44483
44491
44497
44501
44507
44519
44531
44533
44537
44543
44549
44563
44579
44587
44617
44621
44623
44633
44641
44647
44651
44657
44683
44687
44699
44701
44711
44729
44741
44753
44771
44773
44777
44789
44797
44809
44819
44839
44843
44851
44867
44879
44887
44893
44909
44917
44927
44939
44953
44959
44963
44971
44983
44987
45007
45013
45053
45061
45077
45083
45119
45121
45127
45131
45137
45139
45161
45179
45181
45191
45197
45233
45247
45259
45263
45281
45289
45293
45307
45317
45319
45329
45337
45341
45343
45361
45377
45389
45403
45413
45427
45433
45439
45481
45491
45497
45503
45523
45533
45541
45553
45557
45569
45587
45589
45599
45613
45631
45641
45659
45667
45673
45677
45691
45697
45707
45737
45751
45757
45763
45767
45779
45817
45821
45823
45827
45833
45841
45853
45863
45869
45887
45893
45943
45949
45953
45959
45971
45979
45989
46021
46027
46049
46051
46061
46073
46091
46093
46099
46103
46133
46141
46147
46153
46171
46181
46183
46187
46199
46219
46229
46237
46261
46271
46273
46279
46301
46307
46309
46327
46337
46349
46351
46381
46399
46411
46439
46441
46447
46451
46457
46471
46477
46489
46499
46507
46511
46523
46549
46559
46567
46573
46589
46591
46601
46619
46633
46639
46643
46649
46663
46679
46681
46687
46691
46703
46723
46727
46747
46751
46757
46769
46771
46807
46811
46817
46819
46829
46831
46853
46861
46867
46877
46889
46901
46919
46933
46957
46993
46997
47017
47041
47051
47057
47059
47087
47093
47111
47119
47123
47129
47137
47143
47147
47149
47161
47189
47207
47221
47237
47251
47269
47279
47287
47293
47297
47303
47309
47317
47339
47351
47353
47363
47381
47387
47389
47407
47417
47419
47431
47441
47459
47491
47497
47501
47507
47513
47521
47527
47533
47543
47563
47569
47581
47591
47599
47609
47623
47629
47639
47653
47657
47659
47681
47699
47701
47711
47713
47717
47737
47741
47743
47777
47779
47791
47797
47807
47809
47819
47837
47843
47857
47869
47881
47903
47911
47917
47933
47939
47947
47951
47963
47969
47977
47981
48017
48023
48029
48049
48073
48079
48091
48109
48119
48121
48131
48157
48163
48179
48187
48193
48197
48221
48239
48247
48259
48271
48281
48299
48311
48313
48337
48341
48353
48371
48383
48397
48407
48409
48413
48437
48449
48463
48473
48479
48481
48487
48491
48497
48523
48527
48533
48539
48541
48563
48571
48589
48593
48611
48619
48623
48647
48649
48661
48673
48677
48679
48731
48733
48751
48757
48761
48767
48779
48781
48787
48799
48809
48817
48821
48823
48847
48857
48859
48869
48871
48883
48889
48907
48947
48953
48973
48989
48991
49003
49009
49019
49031
49033
49037
49043
49057
49069
49081
49103
49109
49117
49121
49123
49139
49157
49169
49171
49177
49193
49199
49201
49207
49211
49223
49253
49261
49277
49279
49297
49307
49331
49333
49339
49363
49367
49369
49391
49393
49409
49411
49417
49429
49433
49451
49459
49463
49477
49481
49499
49523
49529
49531
49537
49547
49549
49559
49597
49603
49613
49627
49633
49639
49663
49667
49669
49681
49697
49711
49727
49739
49741
49747
49757
49783
49787
49789
49801
49807
49811
49823
49831
49843
49853
49871
49877
49891
49919
49921
49927
49937
49939
49943
49957
49991
49993
49999
Execution Time : 0.943064
