3
5
7
11
13
17
19
23
29
31
37
41
43
47
53
59
61
67
71
73
79
83
89
97
101
103
107
109
113
127
131
137
139
149
151
157
163
167
173
179
181
191
193
197
199
211
223
227
229
233
239
241
251
257
263
269
271
277
281
283
293
307
311
313
317
331
337
347
349
353
359
367
373
379
383
389
397
401
409
419
421
431
433
439
443
449
457
461
463
467
479
487
491
499
503
509
521
523
541
547
557
25013
563
569
571
577
587
593
599
601
607
613
617
619
631
641
643
647
653
659
661
673
677
683
691
701
709
719
727
733
739
743
751
757
761
769
773
787
797
809
811
821
25031
823
827
829
839
853
857
859
863
877
881
883
887
907
911
919
929
937
941
947
953
967
971
977
983
991
997
1009
1013
1019
25033
1021
1031
1033
1039
1049
1051
1061
1063
1069
1087
1091
1093
1097
1103
1109
1117
1123
1129
1151
1153
1163
1171
1181
25037
1187
1193
1201
1213
1217
1223
1229
1231
1237
1249
1259
1277
1279
1283
1289
1291
1297
1301
25057
1303
1307
1319
1321
1327
1361
1367
1373
1381
1399
1409
1423
1427
1429
1433
1439
1447
1451
25073
1453
1459
1471
1481
1483
1487
1489
1493
1499
1511
1523
1531
1543
1549
1553
1559
1567
25087
1571
1579
1583
1597
1601
1607
1609
1613
1619
1621
1627
1637
1657
1663
1667
1669
1693
25097
1697
1699
1709
1721
1723
1733
1741
1747
1753
1759
1777
1783
1787
1789
1801
1811
25111
1823
1831
1847
1861
1867
1871
1873
1877
1879
1889
1901
1907
1913
1931
1933
25117
1949
1951
1973
1979
1987
1993
1997
1999
2003
2011
2017
2027
2029
2039
25121
2053
2063
2069
2081
2083
2087
2089
2099
2111
2113
2129
2131
2137
25127
2141
2143
2153
2161
2179
2203
2207
2213
2221
2237
2239
2243
25147
2251
2267
2269
2273
2281
2287
2293
2297
2309
2311
2333
25153
2339
2341
2347
2351
2357
2371
2377
2381
2383
2389
2393
2399
25163
2411
2417
2423
2437
2441
2447
2459
2467
2473
2477
2503
25169
2521
2531
2539
2543
2549
2551
2557
2579
2591
2593
25171
2609
2617
2621
2633
2647
2657
2659
2663
2671
2677
25183
2683
2687
2689
2693
2699
2707
2711
2713
2719
2729
2731
2741
25189
2749
2753
2767
2777
2789
2791
2797
2801
2803
2819
2833
2837
25219
2843
2851
2857
2861
2879
2887
2897
2903
2909
25229
2917
2927
2939
2953
2957
2963
2969
2971
2999
3001
3011
3019
25237
3023
3037
3041
3049
3061
3067
3079
3083
25243
3089
3109
3119
3121
3137
3163
3167
3169
25247
3181
3187
3191
3203
3209
3217
3221
3229
25253
3251
3253
3257
3259
3271
3299
3301
3307
25261
3313
3319
3323
3329
3331
3343
3347
3359
25301
3361
3371
3373
3389
3391
3407
3413
25303
3433
3449
3457
3461
3463
3467
3469
3491
25307
3499
3511
3517
3527
3529
3533
3539
25309
3541
3547
3557
3559
3571
3581
3583
25321
3593
3607
3613
3617
3623
3631
3637
25339
3643
3659
3671
3673
3677
3691
3697
25343
3701
3709
3719
3727
3733
3739
3761
25349
3767
3769
3779
3793
3797
3803
25357
3821
3823
3833
3847
3851
3853
3863
25367
3877
3881
3889
3907
3911
3917
3919
25373
3923
3929
3931
3943
3947
3967
3989
25391
4001
4003
4007
4013
4019
4021
25409
4027
4049
4051
4057
4073
4079
4091
25411
4093
4099
4111
4127
4129
4133
25423
4139
4153
4157
4159
4177
4201
25439
4211
4217
4219
4229
4231
4241
25447
4243
4253
4259
4261
4271
4273
25453
4283
4289
4297
4327
4337
4339
25457
4349
4357
4363
4373
4391
4397
25463
4409
4421
4423
4441
4447
4451
25469
4457
4463
4481
4483
4493
4507
25471
4513
4517
4519
4523
4547
4549
25523
4561
4567
4583
4591
4597
25537
4603
4621
4637
4639
4643
4649
25541
4651
4657
4663
4673
4679
4691
25561
4703
4721
4723
4729
4733
25577
4751
4759
4783
4787
4789
25579
4793
4799
4801
4813
4817
4831
25583
4861
4871
4877
4889
4903
25589
4909
4919
4931
4933
4937
25601
4943
4951
4957
4967
4969
25603
4973
4987
4993
4999
5003
25609
5009
5011
5021
5023
5039
25621
5051
5059
5077
5081
5087
25633
5099
5101
5107
5113
5119
25639
5147
5153
5167
5171
25643
5179
5189
5197
5209
5227
25657
5231
5233
5237
5261
5273
25667
5279
5281
5297
5303
5309
25673
5323
5333
5347
5351
25679
5381
5387
5393
5399
5407
5413
25693
5417
5419
5431
5437
25703
5441
5443
5449
5471
5477
25717
5479
5483
5501
5503
5507
25733
5519
5521
5527
5531
25741
5557
5563
5569
5573
5581
25747
5591
5623
5639
5641
5647
25759
5651
5653
5657
5659
25763
5669
5683
5689
5693
25771
5701
5711
5717
5737
5741
25793
5743
5749
5779
5783
5791
25799
5801
5807
5813
5821
25801
5827
5839
5843
5849
25819
5851
5857
5861
5867
5869
25841
5879
5881
5897
5903
25847
5923
5927
5939
5953
25849
5981
5987
6007
25867
6011
6029
6037
6043
25873
6047
6053
6067
6073
25889
6079
6089
6091
6101
25903
6113
6121
6131
6133
6143
25913
6151
6163
6173
6197
25919
6199
6203
6211
6217
25931
6221
6229
6247
6257
25933
6263
6269
6271
6277
25939
6287
6299
6301
6311
6317
25943
6323
6329
6337
6343
25951
6353
6359
6361
6367
25969
6373
6379
6389
6397
6421
25981
6427
6449
6451
6469
25997
6473
6481
6491
6521
25999
6529
6547
6551
6553
26003
6563
6569
6571
6577
26017
6581
6599
6607
6619
26021
6637
6653
6659
6661
26029
6673
6679
6689
26041
6691
6701
6703
6709
26053
6719
6733
6737
6761
26083
6763
6779
6781
6791
26099
6793
6803
6823
6827
26107
6829
6833
6841
6857
26111
6863
6869
6871
6883
26113
6899
6907
6911
6917
26119
6947
6949
6959
26141
6961
6967
6971
6977
26153
6983
6991
6997
7001
26161
7013
7019
7027
7039
26171
7043
7057
7069
7079
26177
7103
7109
7121
26183
7127
7129
7151
7159
26189
7177
7187
7193
7207
26203
7211
7213
7219
26209
7229
7237
7243
7247
26227
7253
7283
7297
7307
26237
7309
7321
7331
7333
26249
7349
7351
7369
26251
7393
7411
7417
7433
26261
7451
7457
7459
7477
26263
7481
7487
7489
26267
7499
7507
7517
7523
26293
7529
7537
7541
26297
7547
7549
7559
7561
26309
7573
7577
7583
26317
7589
7591
7603
26321
7607
7621
7639
7643
26339
7649
7669
7673
26347
7681
7687
7691
26357
7699
7703
7717
26371
7723
7727
7741
26387
7753
7757
7759
26393
7789
7793
7817
7823
26399
7829
7841
7853
26407
7867
7873
7877
26417
7879
7883
7901
7907
26423
7919
7927
7933
26431
7937
7949
7951
26437
7963
7993
8009
8011
26449
8017
8039
8053
26459
8059
8069
8081
26479
8087
8089
8093
26489
8101
8111
8117
8123
26497
8147
8161
8167
26501
8171
8179
8191
26513
8209
8219
8221
8231
26539
8233
8237
8243
26557
8263
8269
8273
26561
8287
8291
8293
26573
8297
8311
8317
8329
26591
8353
8363
8369
26597
8377
8387
8389
26627
8419
8423
8429
26633
8431
8443
8447
26641
8461
8467
8501
26647
8513
8521
8527
26669
8537
8539
26681
8543
8563
8573
26683
8581
8597
8599
26687
8609
8623
8627
8629
26693
8641
8647
8663
26699
8669
8677
8681
26701
8689
8693
8699
26711
8707
8713
8719
26713
8731
8737
8741
26717
8747
8753
8761
26723
8779
8783
8803
26729
8807
8819
8821
26731
8831
8837
8839
26737
8849
8861
8863
26759
8867
8887
8893
26777
8923
8929
8933
26783
8941
8951
8963
26801
8969
8971
8999
26813
9001
9007
9011
26821
9013
9029
9041
26833
9043
9049
9059
26839
9067
9091
9103
26849
9109
9127
9133
26861
9137
9151
9157
26863
9161
9173
9181
26879
9187
9199
26881
9203
9209
9221
26891
9227
9239
9241
26893
9257
9277
9281
26903
9283
9293
9311
26921
9319
9323
9337
26927
9341
9343
9349
26947
9371
9377
9391
26951
9397
9403
26953
9413
9419
9421
26959
9431
9433
9437
26981
9439
9461
9463
26987
9467
9473
9479
26993
9491
9497
9511
27011
9521
9533
9539
27017
9547
9551
9587
27031
9601
9613
27043
9619
9623
9629
27059
9631
9643
9649
27061
9661
9677
9679
27067
9689
9697
9719
27073
9721
9733
27077
9739
9743
9749
27091
9767
9769
9781
27103
9787
9791
9803
27107
9811
9817
27109
9829
9833
9839
27127
9851
9857
9859
27143
9871
9883
9887
27179
9901
9907
27191
9923
9929
9931
27197
9941
9949
9967
27211
9973
10007
27239
10009
10037
10039
27241
10061
10067
10069
27253
10079
10091
10093
27259
10099
10103
27271
10111
10133
10139
27277
10141
10151
10159
27281
10163
10169
10177
27283
10181
10193
10211
27299
10223
10243
27329
10247
10253
10259
27337
10267
10271
10273
27361
10289
10301
27367
10303
10313
10321
27397
10331
10333
10337
27407
10343
10357
27409
10369
10391
10399
27427
10427
10429
27431
10433
10453
10457
27437
10459
10463
10477
27449
10487
10499
27457
10501
10513
10529
27479
10531
10559
10567
27481
10589
10597
27487
10601
10607
10613
27509
10627
10631
27527
10639
10651
10657
27529
10663
10667
27539
10687
10691
10709
27541
10711
10723
10729
27551
10733
10739
27581
10753
10771
10781
10789
27583
10799
10831
27611
10837
10847
10853
27617
10859
10861
27631
10867
10883
10889
27647
10891
10903
27653
10909
10937
10939
27673
10949
10957
27689
10973
10979
10987
27691
10993
11003
27697
11027
11047
11057
27701
11059
11069
27733
11071
11083
27737
11087
11093
27739
11113
11117
11119
27743
11131
11149
11159
27749
11161
11171
27751
11173
11177
11197
27763
11213
11239
27767
11243
11251
11257
27773
11261
11273
27779
11279
11287
11299
27791
11311
11317
27793
11321
11329
11351
27799
11353
11369
27803
11383
11393
11399
27809
11411
11423
27817
11437
11443
11447
27823
11467
11471
27827
11483
11489
27847
11491
11497
27851
11503
11519
11527
27883
11549
11551
27893
11579
11587
11593
27901
11597
11617
27917
11621
11633
27919
11657
11677
27941
11681
11689
27943
11699
11701
11717
27947
11719
11731
11743
27953
11777
11779
27961
11783
11789
11801
27967
11807
11813
27983
11821
11827
11831
27997
11833
11839
28001
11863
11867
28019
11887
11897
11903
28027
11909
11923
28031
11927
11933
28051
11939
11941
11953
28057
11959
11969
28069
11971
11981
11987
28081
12007
12011
28087
12037
12041
28097
12043
12049
28099
12071
12073
12097
28109
12101
12107
28111
12109
12113
12119
28123
12143
12149
28151
12157
12161
28163
12163
12197
12203
28181
12211
12227
28183
12239
12241
28201
12251
12253
28211
12263
12269
12277
28219
12281
12289
28229
12301
12323
28277
12329
12343
12347
28279
12373
12377
28283
12379
12391
28289
12401
12409
12413
28297
12421
12433
28307
12437
12451
28309
12457
12473
28319
12479
12487
12491
28349
12497
12503
28351
12511
12517
12527
28387
12539
12541
28393
12547
12553
28403
12569
12577
28409
12583
12589
12601
28411
12611
12613
28429
12619
12637
28433
12641
12647
28439
12653
12659
12671
28447
12689
12697
28463
12703
12713
28477
12721
12739
28493
12743
12757
12763
28499
12781
12791
28513
12799
12809
28517
12821
12823
28537
12829
12841
12853
28541
12889
12893
12899
28547
12907
12911
28549
12917
12919
28559
12923
12941
28571
12953
12959
12967
28573
12973
12979
28579
12983
13001
13003
28591
13007
13009
28597
13033
13037
28603
13043
13049
28607
13063
13093
28619
13099
13103
13109
28621
13121
13127
28627
13147
13151
28631
13159
13163
28643
13171
13177
28649
13183
13187
28657
13217
13219
13229
28661
13241
13249
28663
13259
13267
28669
13291
13297
28687
13309
13313
28697
13327
13331
28703
13337
13339
28711
13367
13381
13397
28723
13399
13411
28729
13417
13421
28751
13441
13451
28753
13457
13463
28759
13469
13477
13487
28771
13499
13513
28789
13523
13537
28793
13553
13567
28807
13577
13591
28813
13597
13613
28817
13619
13627
28837
13633
13649
28843
13669
13679
13681
28859
13687
13691
28867
13693
13697
28871
13709
13711
28879
13721
13723
28901
13729
13751
28909
13757
13759
28921
13763
13781
28927
13789
13799
13807
28933
13829
13831
28949
13841
13859
28961
13873
13877
28979
13879
13883
29009
13901
13903
29017
13907
13913
29021
13921
13931
29023
13933
13963
29027
13967
13997
29033
13999
14009
29059
14011
14029
29063
14033
14051
29077
14057
14071
14081
29101
14083
14087
29123
14107
14143
29129
14149
14153
29131
14159
14173
29137
14177
14197
29147
14207
14221
29153
14243
14249
29167
14251
14281
29173
14293
14303
29179
14321
14323
29191
14327
14341
29201
14347
14369
29207
14387
14389
29209
14401
14407
29221
14411
14419
29231
14423
14431
29243
14437
14447
29251
14449
14461
29269
14479
14489
29287
14503
14519
29297
14533
14537
29303
14543
14549
29311
14551
14557
29327
14561
14563
29333
14591
14593
29339
14621
14627
29347
14629
14633
29363
14639
14653
14657
29383
14669
14683
29387
14699
14713
29389
14717
14723
29399
14731
14737
29401
14741
14747
29411
14753
14759
29423
14767
14771
29429
14779
14783
29437
14797
14813
29443
14821
14827
29453
14831
14843
29473
14851
14867
29483
14869
14879
29501
14887
14891
29527
14897
14923
29531
14929
14939
29537
14947
14951
29567
14957
14969
29569
14983
15013
29573
15017
15031
29581
15053
15061
29587
15073
15077
29599
15083
15091
29611
15101
15107
29629
15121
15131
29633
15137
15139
29641
15149
15161
29663
15173
15187
29669
15193
15199
29671
15217
15227
29683
15233
15241
29717
15259
15263
29723
15269
15271
29741
15277
15287
29753
15289
15299
29759
15307
15313
29761
15319
29789
15329
15331
29803
15349
15359
29819
15361
15373
29833
15377
15383
29837
15391
15401
29851
15413
15427
29863
15439
15443
29867
15451
15461
29873
15467
15473
29879
15493
29881
15497
15511
29917
15527
15541
15551
29921
15559
15569
29927
15581
15583
29947
15601
29959
15607
15619
29983
15629
15641
29989
15643
15647
30011
15649
15661
30013
15667
15671
30029
15679
15683
30047
15727
15731
30059
15733
15737
30071
15739
15749
30089
15761
15767
30091
15773
15787
30097
15791
15797
30103
15803
15809
30109
15817
15823
30113
15859
15877
30119
15881
30133
15887
15889
30137
15901
15907
30139
15913
15919
30161
15923
15937
30169
15959
15971
30181
15973
15991
30187
16001
16007
30197
16033
16057
30203
16061
16063
30211
16067
30223
16069
16073
30241
16087
16091
30253
16097
16103
30259
16111
16127
30269
16139
16141
30271
16183
16187
30293
16189
30307
16193
16217
30313
16223
16229
30319
16231
16249
30323
16253
16267
30341
16273
16301
30347
16319
16333
30367
16339
16349
30389
16361
30391
16363
16369
30403
16381
16411
30427
16417
16421
30431
16427
16433
30449
16447
16451
30467
16453
30469
16477
16481
30491
16487
16493
30493
16519
16529
30497
16547
16553
30509
16561
16567
30517
16573
30529
16603
16607
30539
16619
16631
30553
16633
16649
30557
16651
16657
30559
16661
16673
30577
16691
16693
30593
16699
30631
16703
16729
30637
16741
16747
30643
16759
30649
16763
16787
30661
16811
16823
30671
16829
16831
30677
16843
16871
30689
16879
16883
30697
16889
30703
16901
16903
30707
16921
16927
30713
16931
16937
30727
16943
16963
30757
16979
30763
16981
16987
30773
16993
17011
30781
17021
17027
30803
17029
17033
30809
17041
17047
30817
17053
30829
17077
17093
30839
17099
17107
30841
17117
17123
30851
17137
17159
30853
17167
30859
17183
17189
30869
17191
17203
30871
17207
17209
30881
17231
30893
17239
17257
30911
17291
17293
30931
17299
17317
30937
17321
17327
30941
17333
17341
30949
17351
30971
17359
17377
30977
17383
17387
30983
17389
17393
31013
17401
31019
17417
17419
31033
17431
17443
31039
17449
17467
31051
17471
17477
31063
17483
31069
17489
17491
31079
17497
17509
31081
17519
17539
31091
17551
17569
31121
17573
31123
17579
17581
31139
17597
17599
31147
17609
17623
31151
17627
31153
17657
17659
31159
17669
17681
31177
17683
17707
31181
17713
17729
31183
17737
31189
17747
17749
31193
17761
17783
31219
17789
17791
31223
17807
31231
17827
17837
31237
17839
17851
31247
17863
17881
31249
17891
31253
17903
17909
31259
17911
17921
31267
17923
17929
31271
17939
31277
17957
17959
31307
17971
17977
31319
17981
17987
31321
17989
18013
31327
18041
31333
18043
18047
31337
18049
18059
31357
18061
18077
31379
18089
31387
18097
18119
31391
18121
18127
31393
18131
31397
18133
18143
31469
18149
18169
31477
18181
18191
31481
18199
31489
18211
18217
31511
18223
18229
31513
18233
18251
31517
18253
31531
18257
18269
31541
18287
18289
31543
18301
18307
31547
18311
31567
18313
18329
31573
18341
18353
31583
18367
18371
31601
18379
31607
18397
18401
31627
18413
18427
31643
18433
18439
31649
18443
31657
18451
18457
31663
18461
18481
31667
18493
31687
18503
18517
31699
18521
18523
31721
18539
18541
31723
18553
31727
18583
18587
31729
18593
18617
31741
18637
18661
31751
18671
31769
18679
18691
31771
18701
18713
31793
18719
31799
18731
18743
31817
18749
18757
31847
18773
18787
31849
18793
31859
18797
18803
31873
18839
18859
31883
18869
31891
18899
18911
31907
18913
18917
31957
18919
31963
18947
18959
31973
18973
18979
31981
19001
19009
31991
19013
32003
19031
19037
32009
19051
19069
32027
19073
32029
19079
19081
32051
19087
19121
32057
19139
32059
19141
19157
32063
19163
19181
32069
19183
32077
19207
19211
32083
19213
19219
32089
19231
32099
19237
19249
32117
19259
19267
32119
19273
32141
19289
19301
32143
19309
19319
32159
19333
32173
19373
19379
32183
19381
19387
32189
19391
19403
32191
19417
32203
19421
19423
32213
19427
19429
32233
19433
32237
19441
19447
32251
19457
19463
32257
19469
32261
19471
19477
32297
19483
19489
32299
19501
32303
19507
19531
32309
19541
19543
32321
19553
32323
19559
19571
32327
19577
19583
32341
19597
32353
19603
19609
32359
19661
19681
32363
19687
32369
19697
19699
32371
19709
32377
19717
19727
32381
19739
19751
32401
19753
32411
19759
19763
32413
19777
19793
32423
19801
32429
19813
19819
32441
19841
19843
32443
19853
32467
19861
19867
32479
19889
19891
32491
19913
32497
19919
19927
32503
19937
32507
19949
19961
32531
19963
19973
32533
19979
32537
19991
19993
32561
19997
20011
32563
20021
32569
20023
20029
32573
20047
20051
32579
20063
32587
20071
20089
32603
20101
32609
20107
20113
32611
20117
20123
32621
20129
32633
20143
20147
32647
20149
20161
32653
20173
32687
20177
20183
32693
20201
20219
32707
20231
20233
32713
20249
32717
20261
20269
32719
20287
20297
32749
20323
32771
20327
20333
32779
20341
20347
32783
20353
32789
20357
20359
32797
20369
20389
32801
20393
32803
20399
20407
32831
20411
20431
32833
20441
32839
20443
20477
32843
20479
20483
32869
20507
32887
20509
20521
32909
20533
20543
32911
20549
20551
32917
20563
32933
20593
20599
32939
20611
32941
20627
20639
32957
20641
20663
32969
20681
32971
20693
20707
32983
20717
20719
32987
20731
20743
32993
20747
32999
20749
20753
33013
20759
33023
20771
20773
33029
20789
20807
33037
20809
20849
33049
20857
20873
33053
20879
33071
20887
20897
33073
20899
33083
20903
20921
33091
20929
20939
33107
20947
33113
20959
20963
33119
20981
20983
33149
21001
33151
21011
21013
33161
21017
21019
33179
21023
33181
21031
21059
33191
21061
21067
33199
21089
33203
21101
21107
33211
21121
21139
33223
21143
33247
21149
21157
33287
21163
33289
21169
21179
33301
21187
21191
33311
21193
33317
21211
21221
33329
21227
21247
33331
21269
33343
21277
21283
33347
21313
33349
21317
21319
33353
21323
21341
33359
21347
33377
21377
21379
33391
21383
21391
33403
21397
33409
21401
21407
33413
21419
21433
33427
21467
33457
21481
21487
33461
21491
33469
21493
21499
33479
21503
21517
33487
21521
33493
21523
21529
33503
21557
21559
33521
21563
33529
21569
21577
33533
21587
33547
21589
21599
33563
21601
21611
33569
21613
33577
21617
21647
33581
21649
21661
33587
21673
33589
21683
21701
33599
21713
33601
21727
21737
33613
21739
21751
33617
21757
33619
21767
21773
33623
21787
21799
33629
21803
33637
21817
21821
33641
21839
33647
21841
21851
33679
21859
21863
33703
21871
33713
21881
21893
33721
21911
33739
21929
21937
33749
21943
33751
21961
21977
33757
21991
21997
33767
22003
33769
22013
22027
33773
22031
33791
22037
22039
33797
22051
22063
33809
22067
33811
22073
22079
33827
22091
33829
22093
22109
33851
22111
22123
33857
22129
33863
22133
22147
33871
22153
33889
22157
22159
33893
22171
22189
33911
22193
33923
22229
22247
33931
22259
33937
22271
22273
33941
22277
33961
22279
22283
33967
22291
33997
22303
22307
34019
22343
22349
34031
22367
34033
22369
22381
34039
22391
34057
22397
22409
34061
22433
22441
34123
22447
34127
22453
22469
34129
22481
34141
22483
22501
34147
22511
34157
22531
22541
34159
22543
22549
34171
22567
34183
22571
22573
34211
22613
34213
22619
34217
22621
22637
34231
22639
22643
34253
22651
34259
22669
22679
34261
22691
34267
22697
22699
34273
22709
22717
34283
22721
34297
22727
22739
34301
22741
34303
22751
22769
34313
22777
34319
22783
22787
34327
22807
34337
22811
22817
34351
22853
22859
34361
22861
34367
22871
22877
34369
22901
34381
22907
22921
34403
22937
22943
34421
22961
34429
22963
22973
34439
22993
34457
23003
23011
34469
23017
34471
23021
23027
34483
23029
34487
23039
23041
34499
23053
23057
34501
23059
34511
23063
23071
34513
23081
34519
23087
23099
34537
23117
34543
23131
23143
34549
23159
23167
34583
23173
34589
23189
23197
34591
23201
34603
23203
23209
34607
23227
34613
23251
23269
34631
23279
34649
23291
23293
34651
23297
23311
34667
23321
34673
23327
23333
34679
23339
34687
23357
23369
34693
23371
34703
23399
23417
34721
23431
34729
23447
23459
34739
23473
34747
23497
23509
34757
23531
23537
34759
23539
34763
23549
23557
34781
23561
34807
23563
23567
34819
23581
34841
23593
23599
34843
23603
34847
23609
23623
34849
23627
34871
23629
23633
34877
23663
34883
23669
23671
34897
23677
23687
34913
23689
34919
23719
23741
34939
23743
34949
23747
23753
34961
23761
34963
23767
23773
34981
23789
35023
23801
23813
35027
23819
35051
23827
23831
35053
23833
23857
35059
23869
35069
23873
23879
35081
23887
35083
23893
23899
35089
23909
35099
23911
23917
35107
23929
35111
23957
23971
35117
23977
35129
23981
23993
35141
24001
35149
24007
24019
35153
24023
35159
24029
24043
35171
24049
24061
35201
24071
35221
24077
24083
35227
24091
35251
24097
24103
35257
24107
35267
24109
24113
35279
24121
35281
24133
24137
35291
24151
35311
24169
24179
35317
24181
35323
24197
24203
35327
24223
35339
24229
24239
35353
24247
24251
35363
24281
35381
24317
24329
35393
24337
35401
24359
24371
35407
24373
35419
24379
24391
35423
24407
35437
24413
24419
35447
24421
35449
24439
24443
35461
24469
35491
24473
24481
35507
24499
35509
24509
24517
35521
24527
35527
24533
24547
35531
24551
35533
24571
24593
35537
24611
35543
24623
24631
35569
24659
35573
24671
24677
35591
24683
35593
24691
24697
35597
24709
35603
24733
24749
35617
24763
35671
24767
24781
35677
24793
35729
24799
24809
35731
24821
35747
24841
24847
35753
24851
35759
24859
24877
35771
24889
35797
24907
24917
35801
24919
35803
24923
24943
35809
24953
35831
24967
24971
35837
24977
35839
24979
24989
35851
35863
35869
35879
35897
35899
35911
35923
35933
35951
35963
35969
35977
35983
35993
35999
36007
36011
36013
36017
36037
36061
36067
36073
36083
36097
36107
36109
36131
36137
36151
36161
36187
36191
36209
36217
36229
36241
36251
36263
36269
36277
36293
36299
36307
36313
36319
36341
36343
36353
36373
36383
36389
36433
36451
36457
36467
36469
36473
36479
36493
36497
36523
36527
36529
36541
36551
36559
36563
36571
36583
36587
36599
36607
36629
36637
36643
36653
36671
36677
36683
36691
36697
36709
36713
36721
36739
36749
36761
36767
36779
36781
36787
36791
36793
36809
36821
36833
36847
36857
36871
36877
36887
36899
36901
36913
36919
36923
36929
36931
36943
36947
36973
36979
36997
37003
37013
37019
37021
37039
37049
37057
37061
37087
37097
37117
37123
37139
37159
37171
37181
37189
37199
37201
37217
37223
37243
37253
37273
37277
37307
37309
37313
37321
37337
37339
37357
37361
37363
37369
37379
37397
37409
37423
37441
37447
37463
37483
37489
37493
37501
37507
37511
37517
37529
37537
37547
37549
37561
37567
37571
37573
37579
37589
37591
37607
37619
37633
37643
37649
37657
37663
37691
37693
37699
37717
37747
37781
37783
37799
37811
37813
37831
37847
37853
37861
37871
37879
37889
37897
37907
37951
37957
37963
37967
37987
37991
37993
37997
38011
38039
38047
38053
38069
38083
38113
38119
38149
38153
38167
38177
38183
38189
38197
38201
38219
38231
38237
38239
38261
38273
38281
38287
38299
38303
38317
38321
38327
38329
38333
38351
38371
38377
38393
38431
38447
38449
38453
38459
38461
38501
38543
38557
38561
38567
38569
38593
38603
38609
38611
38629
38639
38651
38653
38669
38671
38677
38693
38699
38707
38711
38713
38723
38729
38737
38747
38749
38767
38783
38791
38803
38821
38833
38839
38851
38861
38867
38873
38891
38903
38917
38921
38923
38933
38953
38959
38971
38977
38993
39019
39023
39041
39043
39047
39079
39089
39097
39103
39107
39113
39119
39133
39139
39157
39161
39163
39181
39191
39199
39209
39217
39227
39229
39233
39239
39241
39251
39293
39301
39313
39317
39323
39341
39343
39359
39367
39371
39373
39383
39397
39409
39419
39439
39443
39451
39461
39499
39503
39509
39511
39521
39541
39551
39563
39569
39581
39607
39619
39623
39631
39659
39667
39671
39679
39703
39709
39719
39727
39733
39749
39761
39769
39779
39791
39799
39821
39827
39829
39839
39841
39847
39857
39863
39869
39877
39883
39887
39901
39929
39937
39953
39971
39979
39983
39989
40009
40013
40031
40037
40039
40063
40087
40093
40099
40111
40123
40127
40129
40151
40153
40163
40169
40177
40189
40193
40213
40231
40237
40241
40253
40277
40283
40289
40343
40351
40357
40361
40387
40423
40427
40429
40433
40459
40471
40483
40487
40493
40499
40507
40519
40529
40531
40543
40559
40577
40583
40591
40597
40609
40627
40637
40639
40693
40697
40699
40709
40739
40751
40759
40763
40771
40787
40801
40813
40819
40823
40829
40841
40847
40849
40853
40867
40879
40883
40897
40903
40927
40933
40939
40949
40961
40973
40993
41011
41017
41023
41039
41047
41051
41057
41077
41081
41113
41117
41131
41141
41143
41149
41161
41177
41179
41183
41189
41201
41203
41213
41221
41227
41231
41233
41243
41257
41263
41269
41281
41299
41333
41341
41351
41357
41381
41387
41389
41399
41411
41413
41443
41453
41467
41479
41491
41507
41513
41519
41521
41539
41543
41549
41579
41593
41597
41603
41609
41611
41617
41621
41627
41641
41647
41651
41659
41669
41681
41687
41719
41729
41737
41759
41761
41771
41777
41801
41809
41813
41843
41849
41851
41863
41879
41887
41893
41897
41903
41911
41927
41941
41947
41953
41957
41959
41969
41981
41983
41999
42013
42017
42019
42023
42043
42061
42071
42073
42083
42089
42101
42131
42139
42157
42169
42179
42181
42187
42193
42197
42209
42221
42223
42227
42239
42257
42281
42283
42293
42299
42307
42323
42331
42337
42349
42359
42373
42379
42391
42397
42403
42407
42409
42433
42437
42443
42451
42457
42461
42463
42467
42473
42487
42491
42499
42509
42533
42557
42569
42571
42577
42589
42611
42641
42643
42649
42667
42677
42683
42689
42697
42701
42703
42709
42719
42727
42737
42743
42751
42767
42773
42787
42793
42797
42821
42829
42839
42841
42853
42859
42863
42899
42901
42923
42929
42937
42943
42953
42961
42967
42979
42989
43003
43013
43019
43037
43049
43051
43063
43067
43093
43103
43117
43133
43151
43159
43177
43189
43201
43207
43223
43237
43261
43271
43283
43291
43313
43319
43321
43331
43391
43397
43399
43403
43411
43427
43441
43451
43457
43481
43487
43499
43517
43541
43543
43573
43577
43579
43591
43597
43607
43609
43613
43627
43633
43649
43651
43661
43669
43691
43711
43717
43721
43753
43759
43777
43781
43783
43787
43789
43793
43801
43853
43867
43889
43891
43913
43933
43943
43951
43961
43963
43969
43973
43987
43991
43997
44017
44021
44027
44029
44041
44053
44059
44071
44087
44089
44101
44111
44119
44123
44129
44131
44159
44171
44179
44189
44201
44203
44207
44221
44249
44257
44263
44267
44269
44273
44279
44281
44293
44351
44357
44371
44381
44383
44389
44417
44449
44453
44483
44491
44497
44501
44507
44519
44531
44533
44537
44543
44549
44563
44579
44587
44617
44621
44623
44633
44641
44647
44651
44657
44683
44687
44699
44701
44711
44729
44741
44753
44771
44773
44777
44789
44797
44809
44819
44839
44843
44851
44867
44879
44887
44893
44909
44917
44927
44939
44953
44959
44963
44971
44983
44987
45007
45013
45053
45061
45077
45083
45119
45121
45127
45131
45137
45139
45161
45179
45181
45191
45197
45233
45247
45259
45263
45281
45289
45293
45307
45317
45319
45329
45337
45341
45343
45361
45377
45389
45403
45413
45427
45433
45439
45481
45491
45497
45503
45523
45533
45541
45553
45557
45569
45587
45589
45599
45613
45631
45641
45659
45667
45673
45677
45691
45697
45707
45737
45751
45757
45763
45767
45779
45817
45821
45823
45827
45833
45841
45853
45863
45869
45887
45893
45943
45949
45953
45959
45971
45979
45989
46021
46027
46049
46051
46061
46073
46091
46093
46099
46103
46133
46141
46147
46153
46171
46181
46183
46187
46199
46219
46229
46237
46261
46271
46273
46279
46301
46307
46309
46327
46337
46349
46351
46381
46399
46411
46439
46441
46447
46451
46457
46471
46477
46489
46499
46507
46511
46523
46549
46559
46567
46573
46589
46591
46601
46619
46633
46639
46643
46649
46663
46679
46681
46687
46691
46703
46723
46727
46747
46751
46757
46769
46771
46807
46811
46817
46819
46829
46831
46853
46861
46867
46877
46889
46901
46919
46933
46957
46993
46997
47017
47041
47051
47057
47059
47087
47093
47111
47119
47123
47129
47137
47143
47147
47149
47161
47189
47207
47221
47237
47251
47269
47279
47287
47293
47297
47303
47309
47317
47339
47351
47353
47363
47381
47387
47389
47407
47417
47419
47431
47441
47459
47491
47497
47501
47507
47513
47521
47527
47533
47543
47563
47569
47581
47591
47599
47609
47623
47629
47639
47653
47657
47659
47681
47699
47701
47711
47713
47717
47737
47741
47743
47777
47779
47791
47797
47807
47809
47819
47837
47843
47857
47869
47881
47903
47911
47917
47933
47939
47947
47951
47963
47969
47977
47981
48017
48023
48029
48049
48073
48079
48091
48109
48119
48121
48131
48157
48163
48179
48187
48193
48197
48221
48239
48247
48259
48271
48281
48299
48311
48313
48337
48341
48353
48371
48383
48397
48407
48409
48413
48437
48449
48463
48473
48479
48481
48487
48491
48497
48523
48527
48533
48539
48541
48563
48571
48589
48593
48611
48619
48623
48647
48649
48661
48673
48677
48679
48731
48733
48751
48757
48761
48767
48779
48781
48787
48799
48809
48817
48821
48823
48847
48857
48859
48869
48871
48883
48889
48907
48947
48953
48973
48989
48991
49003
49009
49019
49031
49033
49037
49043
49057
49069
49081
49103
49109
49117
49121
49123
49139
49157
49169
49171
49177
49193
49199
49201
49207
49211
49223
49253
49261
49277
49279
49297
49307
49331
49333
49339
49363
49367
49369
49391
49393
49409
49411
49417
49429
49433
49451
49459
49463
49477
49481
49499
49523
49529
49531
49537
49547
49549
49559
49597
49603
49613
49627
49633
49639
49663
49667
49669
49681
49697
49711
49727
49739
49741
49747
49757
49783
49787
49789
49801
49807
49811
49823
49831
49843
49853
49871
49877
49891
49919
49921
49927
49937
49939
49943
49957
49991
49993
49999
Execution Time : 0.905963
