thread #4

8
20
32
44
56
68
80
92
12
30
48
66
84
16
40
64
88
20
50
80
24
60
96
28
70
32
80
36
90
40
100
thread #3

6
18
30
42
54
66
78
90
9
27
45
63
81
99
12
36
60
84
15
45
75
18
54
90
21
63
24
72
27
81
30
90
thread #5

10
22
34
46
58
70
82
94
15
33
51
69
87
20
44
68
92
25
55
85
30
66
35
77
40
88
45
99
50
thread #2

4
16
28
40
52
64
76
88
100
6
24
42
60
78
96
8
32
56
80
10
40
70
100
12
48
84
14
56
98
16
64
18
72
20
80
thread #6

12
24
36
48
60
72
84
96
18
36
54
72
90
24
48
72
96
30
60
90
36
72
42
84
48
96
54
60
thread #1

2
14
26
38
50
62
74
86
98
3
21
39
57
75
93
4
28
52
76
100
5
35
65
95
6
42
78
7
49
91
8
56
9
63
10
70
thread #thread #13

